9280656
9315389
9320809
9320809
9383619
9550167
9552872
9576623
9578136
9578136
9611547
9643154
9644263
9660571
9685543
9685978
9732346
9737743
9737876
9749126
9775828
9775828
9777301
9780228
9791602
9815945
9826636
9839880
9852783
9854720
9864550
9871447
9889212
9892959
9912515
9928599
9956157
9963343
9964749
9975117
9978458
9978592
9979485
9990539
9994824
9997148
10003408
10003626
10008270
10008589
10014348
10017779
10020050
10020118
10020892
10032932
10041908
10044294
10044294
10049792
10072302
10087484
10089539
10095591
10097001
10100011
10104744
10121954
10131914
10136662
10137070
10137070
10144806
10149833
10154488
10170398
10179132
10197723
10197789
10203581
10208097
10232012
10237923
10246676
10248852
10249781
10261100
10266432
10266631
10266631
10272049
10283611
10309009
10319434
10326976
10340929
10348536
10359651
10359651
10372896
10383844
10385303
10395755
10401422
10401974
10403555
10406378
10406378
10408680
10411764
10420814
10439294
10442894
10448662
10460820
10477562
10477564
10480032
10481118
10481118
10481118
10485802
10485802
10487207
10487207
10490664
10495805
10507224
10516325
10522216
10526640
10565131
10591487
10595001
10601344
10614295
10615326
10617612
10619188
10622539
10644214
10646460
10656154
10668158
10669313
10671307
10685219
10688085
10693304
10693499
10696970
10737409
10742463
10746438
10746543
10758860
10768111
10768401
10770273
10775739
10793871
10820826
10821086
10821153
10824563
10840377
10840533
10852891
10853247
10855101
10864169
10864178
10874321
10881642
10881642
10910415
10925546
10935658
10953086
10959789
10959789
10975218
11004903
11009691
11009691
11009691
11021824
11041105
11041105
11050065
11050066
11057945
11060167
11060167
11069913
11071110
11073580
11077429
11078195
11091538
11096903
11096917
11097240
11097240
11106109
11114860
11116822
11116822
11129567
11139733
11140346
11147816
11147816
11160840
11165366
11173116
11185596
11185596
11190057
11195886
11197935
11202839
11213260
11218033
11219656
11230086
11233107
11246813
11253498
11253498
11253498
11274074
11309437
11315657
11321556
11326247
11330444
11345671
11345671
11351881
11363614
11370864
11386973
11387196
11398154
11403731
11411317
11424287
11426571
11447469
11450394
11454835
11465912
11465913
11476727
11485711
11496220
11499874
11510935
11516524
11521679
11521859
11532254
11533093
11554129
11554129
11557776
11566306
11567132
11568648
11568924
11571121
11573436
11576875
11587203
11590150
11590150
11591237
11596926
11597651
11602623
11607131
11607157
11608490
11609258
11609786
11610523
11614580
11615892
11619677
11623772
11628035
11628235
11631474
11634340
11634793
11636894
11643753
11646430
11647654
11649231
11651512
11653510
11653865
11653865
11653865
11656491
11669717
11670011
11670360
11679134
11682502
11685665
11687562
11691891
11692130
11697009
11701360
11701360
11709193
11711218
11715581
11725173
11726573
11736308
11762007
11767297
11771610
11771610
11781201
11781217
11785783
11788418
11790971
11791552
11795163
11798171
11802350
11803302
11805971
11806364
11806712
11813201
11813201
11813578
11820669
11822029
11824452
11828694
11828694
11830397
11836117
11840458
11850190
11850190
11857292
11860186
11860186
11860188
11862442
11867675
11872781
11874357
11878295
11880965
11881974
11890091
11896609
11896609
11904038
11908170
11909336
11928588
11928858
11932686
11933755
11942352
11944731
11948180
11952433
11953419
11953582
11955155
11955157
11955679
11957699
11967829
11969028
11974970
11977607
11980873
11996882
11998543
12000891
12006498
12020821
12026909
12027729
12037528
12041854
12043379
12048771
12062190
12064811
12076088
12087344
12099111
12105041
12106797
12108134
12109030
12112500
12113397
12118469
12124879
12136715
12146879
12176972
12186576
12190246
12198350
12209967
12209967
12215315
12215315
12217335
12223561
12223993
12233229
12234490
12234532
12239652
12260905
12279931
12282180
12282517
12282805
12283529
12283895
12296024
12309491
12318751
12320879
12324844
12325693
12326504
12326646
12327139
12333410
12336435
12336831
12342723
12343201
12343954
12368197
12374252
12375084
12379443
12380031
12382532
12382785
12386778
12390144
12397011
12397011
12404593
12405177
12405303
12407338
12423228
12424743
12425008
12428564
12436125
12437185
12437457
12437512
12438691
12445329
12446765
12447137
12447181
12455257
12459825
12465782
12471321
12475053
12479030
12481087
12481201
12486448
12486495
12489157
12490574
12490574
12493561
12496363
12497609
12497609
12505936
12507678
12511738
12516312
12516312
12518887
12519318
12524673
12524987
12527225
12527827
12527827
12528076
12529959
12533067
12534819
12535629
12541819
12542545
12549910
12549910
12557551
12567143
12569838
12571319
12573141
12573641
12576137
12576137
12577693
12580078
12580078
12582690
12584231
12585921
12586228
12590164
12590164
12590164
12590921
12601002
12602297
12605433
12605440
12607979
12611426
12614747
12615409
12618726
12619319
12626145
12628444
12632958
12633096
12633892
12638770
12641353
12641353
12648910
12649052
12653816
12655028
12655768
12655768
12668533
12669114
12670965
12674798
12678826
12678936
12684127
12685481
12686932
12688096
12691418
12692593
12699082
12699082
12700158
12700813
12704521
12704521
12707629
12708280
12714360
12717672
12719088
12723934
12726030
12728419
12730075
12732175